parametersSec1=
magicNumber=20200311||20200311||1||202003110||N
iLots=0.0||1.0||0.100000||10.000000||N
percRisk=4.5||0.5||0.050000||5.000000||N
iMaxOrders=4||0||1||10||N
parametersSec1space=
parametersSec2=
stopLoss=200||700||200||4200||Y
takeProfit=130||700||200||4200||Y
iTrailingStart=30||500||100||2000||Y
iTrailingStep=15||300||100||1200||Y
parametersSec2space=
parametersSec3=
iBullishX=12||3||1||14||Y
iBearishX=11||3||1||14||Y
