parametersSec1=
magicNumber=20200311||20200311||1||202003110||N
iLots=0.0||1.0||0.100000||10.000000||N
percRisk=4.5||0.5||0.050000||5.000000||N
iMaxOrders=4||0||1||10||N
parametersSec1space=
parametersSec2=
stopLoss=670
takeProfit=290
iTrailingStart=170
iTrailingStep=50
parametersSec2space=
parametersSec3=
iBullishX=8
iBearishX=7
