parametersSec1=
magicNumber=20200311||20200311||1||202003110||N
iLots=0.0||1.0||0.100000||10.000000||N
percRisk=4.5||0.5||0.050000||5.000000||N
iMaxOrders=4||0||1||10||N
parametersSec1space=
parametersSec2=
stopLoss=300
takeProfit=190
iTrailingStart=140
iTrailingStep=10
parametersSec2space=
parametersSec3=
iBullishX=7
iBearishX=9
